0.000|kb,69179067644200000,6,25,0,1,72057594037929372,1,0.011,-0.619,1.048,2,-0.001,-0.398,1.020,2,-0.013,-0.179,0.978,2,-0.025,-0.028,0.962,2,-0.177,-0.235,0.933,2,-0.309,-0.296,0.808,2,-0.425,-0.278,0.661,2,-0.453,-0.307,0.677,2,0.171,-0.223,0.972,2,0.406,-0.249,0.932,2,0.483,-0.095,0.835,2,0.496,-0.052,0.795,1,-0.076,-0.600,1.009,2,-0.297,-0.251,0.834,2,0.153,-0.479,0.893,1,0.143,-0.458,0.771,1,0.097,-0.606,1.032,2,0.347,-0.246,0.967,1,0.211,-0.665,0.759,1,0.249,-0.618,0.640,2,-0.010,-0.233,0.991,1,-0.491,-0.311,0.682,2,-0.443,-0.274,0.674,2,0.527,0.015,0.765,2,0.502,-0.089,0.762,0,0,0,0
0.061|kb,69179090936400000,6,25,0,1,72057594037929372,1,-0.009,-0.616,0.990,2,-0.025,-0.398,0.971,2,-0.040,-0.181,0.937,2,-0.056,-0.030,0.917,2,-0.203,-0.238,0.883,2,-0.344,-0.296,0.754,1,-0.461,-0.283,0.607,1,-0.501,-0.280,0.561,2,0.142,-0.213,0.947,2,0.382,-0.240,0.919,2,0.469,-0.089,0.825,2,0.483,-0.041,0.788,1,-0.095,-0.601,0.947,2,-0.339,-0.256,0.780,2,0.091,-0.441,0.852,1,0.117,-0.432,0.731,1,0.078,-0.598,0.979,2,0.344,-0.239,0.957,1,0.238,-0.650,0.758,1,0.280,-0.616,0.634,2,-0.037,-0.235,0.948,1,-0.539,-0.284,0.567,1,-0.490,-0.247,0.560,2,0.513,0.028,0.756,2,0.494,-0.077,0.759,0,0,0,0
0.171|kb,69179114236340000,6,25,0,1,72057594037929372,1,-0.011,-0.617,0.984,2,-0.029,-0.399,0.964,2,-0.045,-0.183,0.930,2,-0.064,-0.034,0.908,2,-0.206,-0.239,0.879,2,-0.342,-0.298,0.753,1,-0.459,-0.285,0.607,1,-0.499,-0.282,0.561,2,0.135,-0.210,0.939,2,0.371,-0.233,0.912,2,0.445,-0.072,0.805,2,0.464,-0.025,0.771,1,-0.098,-0.602,0.940,2,-0.346,-0.256,0.775,2,0.114,-0.448,0.853,2,0.144,-0.438,0.885,1,0.076,-0.599,0.973,2,0.365,-0.254,0.932,1,0.286,-0.655,0.703,1,0.302,-0.619,0.600,2,-0.041,-0.237,0.941,1,-0.537,-0.285,0.567,1,-0.489,-0.248,0.560,2,0.491,0.036,0.738,2,0.474,-0.065,0.744,0,0,0,0
0.314|kb,69179127643330000,6,25,0,1,72057594037929372,1,-0.013,-0.618,0.980,2,-0.031,-0.399,0.962,2,-0.047,-0.184,0.928,2,-0.066,-0.034,0.907,2,-0.206,-0.239,0.879,2,-0.330,-0.309,0.752,1,-0.446,-0.294,0.605,1,-0.487,-0.291,0.559,2,0.133,-0.210,0.938,2,0.370,-0.230,0.911,2,0.444,-0.071,0.804,2,0.463,-0.021,0.773,1,-0.099,-0.602,0.937,2,-0.347,-0.257,0.775,2,0.087,-0.438,0.846,1,0.105,-0.430,0.723,1,0.074,-0.599,0.970,2,0.366,-0.251,0.934,1,0.287,-0.656,0.701,1,0.301,-0.614,0.602,2,-0.043,-0.237,0.939,1,-0.524,-0.295,0.565,1,-0.476,-0.258,0.558,2,0.494,0.037,0.739,2,0.477,-0.057,0.747,0,0,0,0
0.684|kb,69179144235510000,6,25,0,1,72057594037929372,1,-0.013,-0.618,0.986,2,-0.031,-0.399,0.963,2,-0.047,-0.184,0.928,2,-0.064,-0.032,0.914,2,-0.206,-0.238,0.880,2,-0.337,-0.308,0.762,1,-0.453,-0.293,0.616,1,-0.493,-0.289,0.570,2,0.133,-0.210,0.937,2,0.370,-0.229,0.915,2,0.448,-0.066,0.812,2,0.473,-0.016,0.793,1,-0.099,-0.603,0.944,2,-0.349,-0.253,0.780,2,0.081,-0.433,0.846,1,0.100,-0.427,0.725,1,0.073,-0.600,0.975,2,0.367,-0.251,0.942,1,0.275,-0.668,0.708,1,0.303,-0.611,0.610,2,-0.043,-0.237,0.939,1,-0.531,-0.293,0.576,1,-0.482,-0.257,0.568,2,0.512,0.041,0.757,2,0.439,0.018,0.839,0,0,0,0
1.035|kb,69179180936320000,6,25,0,1,72057594037929372,2,0.030,-0.628,1.099,2,0.026,-0.397,1.073,2,0.021,-0.170,1.032,2,0.011,-0.023,1.021,2,-0.163,-0.232,0.998,2,-0.367,-0.253,0.909,2,-0.509,-0.197,0.803,2,-0.523,-0.180,0.793,2,0.206,-0.228,1.018,2,0.409,-0.276,0.960,2,0.517,-0.148,0.881,2,0.540,-0.086,0.842,1,-0.052,-0.606,1.119,2,-0.139,-0.300,0.949,2,0.224,-0.580,0.963,2,0.287,-0.525,0.986,2,0.111,-0.608,1.075,2,0.387,-0.250,0.992,1,0.296,-0.680,0.802,1,0.325,-0.627,0.686,2,0.022,-0.226,1.045,1,-0.548,-0.141,0.778,2,-0.483,-0.152,0.796,2,0.557,-0.017,0.816,2,0.546,-0.054,0.902,0,0,0,0
1.359|kb,69179214236140000,6,25,0,1,72057594037929372,2,0.067,-0.639,1.177,2,0.063,-0.404,1.162,2,0.058,-0.172,1.132,2,0.049,-0.025,1.130,2,-0.129,-0.241,1.120,2,-0.334,-0.248,1.053,2,-0.340,-0.065,0.933,2,-0.323,-0.001,0.906,2,0.240,-0.238,1.089,2,0.404,-0.306,1.006,2,0.545,-0.280,0.890,2,0.563,-0.257,0.870,2,-0.015,-0.633,1.160,2,-0.011,-0.326,0.993,1,0.228,-0.586,0.959,1,0.181,-0.625,0.878,2,0.146,-0.615,1.140,2,0.438,-0.287,1.013,1,0.325,-0.704,0.847,1,0.314,-0.666,0.742,2,0.059,-0.230,1.142,2,-0.297,0.062,0.860,2,-0.268,-0.032,0.874,1,0.587,-0.234,0.840,2,0.579,-0.226,0.894,0,0,0,0
1.788|kb,69179247644040000,6,25,0,1,72057594037929372,2,0.076,-0.639,1.178,2,0.090,-0.407,1.202,2,0.092,-0.179,1.211,2,0.097,-0.037,1.210,2,-0.086,-0.237,1.207,2,-0.283,-0.211,1.101,2,-0.183,-0.258,0.949,2,-0.148,-0.255,0.943,2,0.285,-0.241,1.144,2,0.448,-0.263,1.031,2,0.530,-0.123,0.908,2,0.545,-0.054,0.859,2,-0.004,-0.634,1.165,1,-0.069,-0.597,0.763,1,-0.147,-0.578,0.280,1,-0.142,-0.529,0.277,2,0.154,-0.615,1.137,2,0.397,-0.238,1.082,1,0.270,-0.640,0.879,1,0.254,-0.585,0.772,2,0.092,-0.235,1.211,2,-0.117,-0.263,0.894,2,-0.096,-0.278,0.946,2,0.562,0.007,0.818,2,0.513,-0.042,0.875,0,0,0,0
2.036|kb,69179287644520000,6,25,0,1,72057594037929372,2,0.093,-0.633,1.179,2,0.103,-0.406,1.205,2,0.115,-0.184,1.217,2,0.122,-0.044,1.221,2,-0.078,-0.241,1.211,2,-0.289,-0.203,1.162,2,-0.447,-0.090,1.007,2,-0.516,-0.035,0.938,2,0.330,-0.282,1.140,2,0.455,-0.252,1.001,2,0.271,-0.173,0.999,2,0.230,-0.153,1.016,2,0.006,-0.622,1.175,1,-0.063,-0.590,0.771,1,-0.161,-0.567,0.281,1,-0.140,-0.526,0.282,2,0.184,-0.614,1.126,2,0.318,-0.198,1.017,1,0.241,-0.611,0.860,1,0.221,-0.570,0.742,2,0.112,-0.239,1.217,2,-0.545,-0.009,0.879,2,-0.475,-0.038,0.895,2,0.160,-0.133,1.013,2,0.208,-0.190,1.025,0,0,0,0
2.295|kb,69179314235110000,6,25,0,1,72057594037929372,2,0.110,-0.634,1.168,2,0.108,-0.409,1.206,2,0.115,-0.194,1.229,2,0.122,-0.048,1.226,2,-0.075,-0.257,1.218,2,-0.281,-0.229,1.173,2,-0.330,-0.038,1.065,2,-0.330,0.054,1.039,2,0.297,-0.277,1.163,2,0.436,-0.265,1.023,2,0.350,-0.118,0.909,2,0.328,-0.082,0.900,2,0.011,-0.625,1.164,1,-0.002,-0.612,0.751,1,-0.043,-0.594,0.256,1,-0.025,-0.561,0.255,2,0.209,-0.613,1.118,1,0.316,-0.198,1.017,1,0.239,-0.607,0.858,1,0.222,-0.560,0.743,2,0.114,-0.246,1.224,2,-0.338,0.100,1.015,2,-0.265,0.038,1.012,2,0.277,-0.023,0.836,2,0.304,-0.073,0.952,0,0,0,0
2.522|kb,69179340937150000,6,25,0,1,72057594037929372,2,0.088,-0.632,1.153,2,0.104,-0.409,1.204,2,0.113,-0.193,1.231,2,0.115,-0.049,1.231,2,-0.072,-0.263,1.219,2,-0.252,-0.274,1.199,2,-0.154,-0.183,1.069,2,-0.086,-0.216,1.057,2,0.287,-0.269,1.163,2,0.463,-0.240,1.028,2,0.552,-0.135,0.906,2,0.577,-0.091,0.881,2,-0.012,-0.621,1.142,1,0.028,-0.628,0.729,1,0.053,-0.630,0.230,1,0.052,-0.592,0.235,2,0.180,-0.612,1.107,1,0.237,-0.192,1.000,1,0.165,-0.597,0.843,1,0.147,-0.549,0.726,2,0.111,-0.246,1.226,2,-0.034,-0.200,1.016,2,-0.050,-0.238,1.063,2,0.588,-0.029,0.850,2,0.602,-0.057,0.928,0,0,0,0
2.746|kb,69179360936320000,6,25,0,1,72057594037929372,2,0.085,-0.631,1.154,2,0.101,-0.410,1.205,2,0.111,-0.195,1.234,2,0.112,-0.052,1.233,2,-0.077,-0.267,1.229,2,-0.263,-0.258,1.153,2,-0.200,-0.285,0.946,2,-0.183,-0.279,0.923,2,0.286,-0.268,1.164,2,0.465,-0.241,1.031,2,0.552,-0.134,0.909,2,0.578,-0.080,0.887,2,-0.013,-0.620,1.143,1,0.028,-0.628,0.729,1,0.062,-0.634,0.229,1,0.052,-0.592,0.234,2,0.176,-0.611,1.107,1,0.236,-0.193,1.000,1,0.165,-0.594,0.843,1,0.143,-0.547,0.726,2,0.109,-0.247,1.228,2,-0.167,-0.287,0.854,2,-0.135,-0.305,0.937,2,0.586,-0.016,0.849,2,0.579,-0.073,0.915,0,0,0,0
3.007|kb,69179387644630000,6,25,0,1,72057594037929372,2,0.096,-0.621,1.154,2,0.104,-0.409,1.206,2,0.113,-0.198,1.238,2,0.116,-0.054,1.236,2,-0.076,-0.267,1.230,2,-0.304,-0.214,1.179,2,-0.472,-0.091,1.047,2,-0.531,-0.040,1.006,2,0.294,-0.270,1.167,2,0.464,-0.239,1.033,2,0.355,-0.082,0.954,2,0.317,-0.038,0.930,2,0.002,-0.607,1.143,1,0.109,-0.627,0.739,1,0.230,-0.648,0.258,1,0.194,-0.602,0.255,2,0.185,-0.603,1.108,1,0.261,-0.178,1.008,1,0.188,-0.586,0.851,1,0.167,-0.539,0.733,2,0.111,-0.249,1.231,2,-0.567,0.011,0.967,2,-0.477,-0.039,0.972,2,0.259,0.016,0.879,2,0.348,-0.008,0.927,0,0,0,0
3.345|kb,69179410935570000,6,25,0,1,72057594037929372,2,0.095,-0.619,1.156,2,0.105,-0.407,1.208,2,0.116,-0.197,1.242,2,0.118,-0.053,1.242,2,-0.073,-0.264,1.234,2,-0.298,-0.199,1.196,2,-0.416,-0.003,1.102,2,-0.462,0.082,1.086,2,0.296,-0.236,1.209,2,0.462,-0.238,1.033,2,0.289,-0.265,0.971,1,0.267,-0.265,0.964,2,0.002,-0.607,1.144,1,0.102,-0.644,0.739,1,0.228,-0.690,0.264,1,0.188,-0.635,0.253,2,0.182,-0.599,1.112,1,0.254,-0.182,1.008,1,0.182,-0.583,0.851,1,0.167,-0.536,0.732,2,0.114,-0.248,1.235,2,-0.498,0.129,1.051,2,-0.435,0.109,1.087,2,0.221,-0.266,0.941,2,0.218,-0.253,0.936,0,0,0,0
3.629|kb,69179444240880000,6,25,0,1,72057594037929372,2,0.092,-0.620,1.159,2,0.100,-0.408,1.218,2,0.109,-0.201,1.270,2,0.105,-0.057,1.270,2,-0.069,-0.274,1.254,2,-0.247,-0.293,1.231,2,-0.059,-0.234,1.081,1,-0.021,-0.237,1.072,2,0.283,-0.256,1.207,2,0.441,-0.261,1.053,2,0.437,-0.113,0.852,2,0.437,-0.063,0.790,2,0.000,-0.608,1.146,1,0.101,-0.646,0.741,1,0.232,-0.696,0.277,1,0.183,-0.632,0.256,2,0.178,-0.601,1.115,1,0.241,-0.189,1.013,1,0.171,-0.584,0.855,1,0.151,-0.534,0.737,2,0.107,-0.252,1.258,2,0.008,-0.252,1.039,2,-0.029,-0.214,1.030,2,0.436,-0.007,0.704,2,0.430,-0.033,0.822,0,0,0,0
3.771|kb,69179470936280000,6,25,0,1,72057594037929372,2,0.085,-0.616,1.165,2,0.098,-0.405,1.228,2,0.110,-0.199,1.280,2,0.107,-0.056,1.283,2,-0.078,-0.267,1.282,2,-0.255,-0.285,1.243,2,-0.271,-0.230,1.066,2,-0.235,-0.253,0.928,2,0.282,-0.255,1.208,2,0.442,-0.176,1.043,2,0.439,0.023,0.938,2,0.446,0.089,0.909,2,-0.004,-0.605,1.154,1,0.099,-0.648,0.750,1,0.231,-0.706,0.295,1,0.178,-0.638,0.266,2,0.169,-0.596,1.119,2,0.242,-0.265,1.182,1,0.235,-0.672,0.892,1,0.215,-0.597,0.798,2,0.107,-0.250,1.269,2,-0.225,-0.256,0.839,2,-0.264,-0.223,0.906,2,0.467,0.160,0.876,2,0.404,0.112,0.928,0,0,0,0
4.051|kb,69179487643960000,6,25,0,1,72057594037929372,2,0.092,-0.606,1.174,2,0.106,-0.400,1.238,2,0.120,-0.199,1.288,2,0.114,-0.053,1.288,2,-0.064,-0.259,1.285,2,-0.268,-0.243,1.224,2,-0.394,-0.167,1.049,2,-0.452,-0.120,0.942,2,0.287,-0.256,1.208,2,0.428,-0.224,1.066,2,0.267,-0.050,1.036,2,0.231,-0.014,1.030,2,0.004,-0.591,1.162,1,0.106,-0.634,0.757,1,0.235,-0.694,0.304,1,0.183,-0.623,0.271,2,0.175,-0.590,1.129,1,0.276,-0.265,1.186,1,0.274,-0.668,0.899,1,0.248,-0.597,0.801,2,0.117,-0.249,1.278,2,-0.478,-0.085,0.862,2,-0.496,-0.123,0.951,2,0.170,0.045,0.988,2,0.201,-0.054,1.013,0,0,0,0
4.360|kb,69179517643370000,6,25,0,1,72057594037929372,2,0.090,-0.609,1.176,2,0.102,-0.403,1.239,2,0.112,-0.201,1.290,2,0.114,-0.048,1.297,2,-0.067,-0.259,1.285,2,-0.292,-0.176,1.242,2,-0.364,0.035,1.135,2,-0.384,0.123,1.118,2,0.291,-0.281,1.202,2,0.425,-0.221,1.064,2,0.275,-0.147,0.982,2,0.196,-0.144,0.985,2,0.001,-0.595,1.168,1,0.102,-0.638,0.764,1,0.228,-0.700,0.310,1,0.179,-0.628,0.277,2,0.174,-0.594,1.128,1,0.278,-0.273,1.189,1,0.277,-0.676,0.898,1,0.251,-0.605,0.803,2,0.110,-0.251,1.279,2,-0.403,0.170,1.076,2,-0.367,0.163,1.115,2,0.134,-0.095,0.979,2,0.165,-0.189,0.980,0,0,0,0
4.607|kb,69179544236260000,6,25,0,1,72057594037929372,2,0.086,-0.614,1.171,2,0.102,-0.404,1.239,2,0.112,-0.201,1.290,2,0.112,-0.050,1.298,2,-0.049,-0.305,1.269,2,-0.246,-0.294,1.267,2,-0.091,-0.210,1.105,2,-0.070,-0.203,1.100,2,0.282,-0.268,1.218,2,0.433,-0.229,1.061,2,0.469,-0.077,0.867,2,0.479,-0.033,0.811,2,-0.003,-0.603,1.162,1,0.101,-0.642,0.759,1,0.231,-0.701,0.304,1,0.183,-0.627,0.273,2,0.170,-0.596,1.124,1,0.245,-0.265,1.183,1,0.246,-0.669,0.891,1,0.219,-0.597,0.796,2,0.110,-0.251,1.279,2,-0.028,-0.208,1.058,2,-0.067,-0.174,1.064,2,0.499,0.026,0.745,2,0.511,0.020,0.847,0,0,0,0
4.929|kb,69179570935410000,6,25,0,1,72057594037929372,2,0.084,-0.610,1.170,2,0.101,-0.403,1.238,2,0.112,-0.201,1.289,2,0.112,-0.051,1.296,2,-0.081,-0.263,1.288,2,-0.256,-0.235,1.204,2,-0.238,-0.261,1.014,2,-0.224,-0.291,0.943,2,0.281,-0.258,1.219,2,0.443,-0.169,1.048,2,0.457,0.032,0.947,2,0.469,0.102,0.920,2,-0.004,-0.601,1.162,1,0.101,-0.643,0.759,1,0.229,-0.705,0.303,1,0.183,-0.630,0.273,2,0.167,-0.591,1.122,1,0.246,-0.262,1.182,1,0.250,-0.665,0.889,1,0.223,-0.593,0.794,2,0.110,-0.251,1.279,2,-0.231,-0.307,0.869,2,-0.247,-0.244,0.921,2,0.495,0.166,0.875,2,0.512,0.074,0.929,0,0,0,0
5.116|kb,69179604238430000,6,25,0,1,72057594037929372,2,0.086,-0.612,1.171,2,0.102,-0.404,1.232,2,0.110,-0.200,1.264,2,0.119,-0.051,1.279,2,-0.071,-0.262,1.266,2,-0.297,-0.198,1.185,2,-0.435,-0.050,1.044,2,-0.479,0.004,0.995,2,0.306,-0.237,1.168,2,0.460,-0.244,1.065,2,0.232,-0.178,1.027,1,0.209,-0.174,1.039,2,-0.001,-0.602,1.164,1,0.098,-0.647,0.762,1,0.221,-0.713,0.304,1,0.169,-0.643,0.275,2,0.169,-0.592,1.120,1,0.270,-0.271,1.183,1,0.277,-0.674,0.891,1,0.243,-0.607,0.796,2,0.109,-0.251,1.260,2,-0.510,0.050,0.920,2,-0.518,-0.034,1.011,2,0.159,-0.159,1.029,2,0.225,-0.174,0.998,0,0,0,0
5.408|kb,69179624236020000,6,25,0,1,72057594037929372,2,0.082,-0.612,1.169,2,0.098,-0.405,1.230,2,0.109,-0.202,1.265,2,0.115,-0.056,1.271,2,-0.073,-0.266,1.262,2,-0.287,-0.221,1.197,2,-0.329,-0.012,1.081,2,-0.327,0.051,1.062,2,0.284,-0.261,1.193,2,0.447,-0.241,1.067,2,0.296,-0.267,0.885,2,0.236,-0.287,0.835,2,-0.006,-0.601,1.160,1,0.096,-0.648,0.760,1,0.220,-0.717,0.301,1,0.177,-0.646,0.272,2,0.166,-0.593,1.120,1,0.255,-0.268,1.177,1,0.261,-0.671,0.886,1,0.234,-0.603,0.788,2,0.107,-0.252,1.260,2,-0.330,0.124,1.042,2,-0.360,0.051,1.023,2,0.213,-0.317,0.780,2,0.240,-0.270,0.766,0,0,0,0
5.713|kb,69179650935850000,6,25,0,1,72057594037929372,2,0.085,-0.619,1.165,2,0.100,-0.410,1.219,2,0.111,-0.205,1.253,2,0.096,-0.058,1.249,2,-0.068,-0.322,1.223,2,-0.248,-0.281,1.190,2,-0.057,-0.205,1.051,2,-0.032,-0.198,1.039,2,0.274,-0.261,1.183,2,0.442,-0.228,1.045,2,0.465,-0.153,0.877,2,0.448,-0.094,0.739,2,-0.004,-0.613,1.152,1,0.097,-0.651,0.753,1,0.220,-0.713,0.290,1,0.178,-0.643,0.263,2,0.169,-0.596,1.119,1,0.252,-0.271,1.175,1,0.259,-0.674,0.885,1,0.234,-0.608,0.787,2,0.108,-0.255,1.247,2,-0.011,-0.214,1.008,2,-0.052,-0.176,1.007,2,0.448,-0.068,0.671,2,0.449,-0.068,0.691,0,0,0,0
5.946|kb,69179680935850000,6,25,0,1,72057594037929372,2,0.070,-0.613,1.144,2,0.077,-0.410,1.164,2,0.089,-0.213,1.177,2,0.063,-0.051,1.176,2,-0.111,-0.268,1.185,2,-0.282,-0.287,1.126,2,-0.290,-0.254,0.932,2,-0.244,-0.282,0.798,2,0.243,-0.243,1.115,2,0.418,-0.191,0.974,2,0.371,0.016,0.858,2,0.355,0.083,0.827,2,-0.020,-0.603,1.127,1,0.082,-0.643,0.729,1,0.206,-0.706,0.261,1,0.161,-0.647,0.238,2,0.156,-0.592,1.102,2,0.303,-0.284,1.120,1,0.297,-0.592,0.854,1,0.235,-0.542,0.792,2,0.086,-0.262,1.176,2,-0.243,-0.295,0.742,2,-0.271,-0.254,0.780,2,0.342,0.143,0.772,2,0.341,0.131,0.874,0,0,0,0
6.286|kb,69179704235700000,6,25,0,1,72057594037929372,2,0.075,-0.587,1.089,2,0.078,-0.389,1.094,2,0.079,-0.195,1.084,2,0.018,-0.046,1.076,2,-0.131,-0.265,1.072,2,-0.293,-0.296,0.971,2,-0.399,-0.284,0.821,2,-0.445,-0.281,0.720,1,0.288,-0.268,1.108,2,0.374,-0.206,0.900,2,0.186,-0.064,0.864,1,0.156,-0.040,0.877,2,-0.021,-0.577,1.071,1,0.060,-0.593,0.666,1,0.163,-0.629,0.180,1,0.124,-0.581,0.166,2,0.166,-0.565,1.049,1,0.334,-0.272,1.079,1,0.280,-0.602,0.838,1,0.236,-0.542,0.769,2,0.079,-0.243,1.089,1,-0.447,-0.278,0.644,1,-0.477,-0.271,0.670,2,0.116,-0.010,0.844,2,0.122,-0.062,0.878,0,0,0,0
6.494|kb,69179737643130000,6,25,0,1,72057594037929372,1,0.035,-0.586,1.005,2,0.006,-0.389,1.004,2,-0.021,-0.196,0.988,2,-0.043,-0.048,0.969,2,-0.182,-0.259,0.949,2,-0.313,-0.316,0.829,2,-0.423,-0.294,0.683,2,-0.447,-0.321,0.701,2,0.145,-0.256,0.946,2,0.340,-0.232,0.836,2,0.186,-0.115,0.752,2,0.143,-0.088,0.764,1,-0.077,-0.571,0.978,1,-0.009,-0.550,0.571,1,0.076,-0.541,0.072,1,0.055,-0.503,0.070,1,0.144,-0.566,0.975,1,0.329,-0.293,1.036,1,0.280,-0.630,0.801,1,0.243,-0.565,0.729,2,-0.014,-0.243,0.994,1,-0.501,-0.329,0.699,2,-0.446,-0.371,0.719,2,0.094,-0.052,0.738,2,0.119,-0.112,0.808,0,0,0,0
6.801|kb,69179764236060000,6,25,0,1,72057594037929372,1,-0.014,-0.587,0.975,2,-0.041,-0.389,0.962,2,-0.067,-0.194,0.935,2,-0.079,-0.048,0.918,2,-0.220,-0.258,0.886,2,-0.341,-0.325,0.759,1,-0.450,-0.296,0.613,1,-0.487,-0.287,0.568,2,0.126,-0.246,0.901,2,0.329,-0.236,0.818,1,0.149,-0.093,0.724,1,0.097,-0.048,0.720,1,-0.116,-0.578,0.950,1,-0.181,-0.518,0.546,1,-0.259,-0.456,0.048,1,-0.232,-0.439,0.049,1,0.090,-0.561,0.944,1,0.288,-0.286,0.978,1,0.226,-0.625,0.741,1,0.212,-0.564,0.668,2,-0.061,-0.242,0.944,1,-0.540,-0.294,0.567,1,-0.484,-0.336,0.588,2,0.089,-0.050,0.692,2,0.079,-0.060,0.732,0,0,0,0
7.131|kb,69179787645980000,6,25,0,1,72057594037929372,1,-0.015,-0.585,0.964,2,-0.042,-0.388,0.957,2,-0.067,-0.194,0.933,2,-0.082,-0.048,0.911,2,-0.221,-0.259,0.885,2,-0.341,-0.327,0.759,1,-0.450,-0.300,0.613,1,-0.488,-0.293,0.568,2,0.129,-0.248,0.906,2,0.325,-0.238,0.809,2,0.151,-0.081,0.726,1,0.100,-0.052,0.726,1,-0.119,-0.576,0.939,1,-0.180,-0.516,0.535,1,-0.265,-0.448,0.044,1,-0.226,-0.434,0.037,1,0.090,-0.559,0.933,1,0.285,-0.284,0.973,1,0.201,-0.598,0.701,1,0.196,-0.535,0.636,2,-0.061,-0.242,0.942,1,-0.541,-0.300,0.567,1,-0.485,-0.340,0.588,2,0.084,-0.044,0.695,2,0.082,-0.047,0.779,0,0,0,0
7.431|kb,69179824240400000,6,25,0,1,72057594037929372,1,-0.015,-0.584,0.963,2,-0.040,-0.388,0.956,2,-0.063,-0.194,0.931,2,-0.077,-0.049,0.906,2,-0.221,-0.259,0.883,2,-0.338,-0.327,0.754,1,-0.448,-0.300,0.608,1,-0.486,-0.292,0.563,2,0.130,-0.247,0.906,2,0.326,-0.236,0.809,1,0.156,-0.073,0.730,1,0.121,-0.041,0.732,1,-0.118,-0.575,0.937,1,-0.179,-0.515,0.534,1,-0.264,-0.450,0.039,1,-0.226,-0.434,0.037,1,0.090,-0.558,0.933,1,0.285,-0.283,0.972,1,0.237,-0.598,0.690,1,0.232,-0.538,0.627,2,-0.058,-0.242,0.940,1,-0.539,-0.300,0.562,1,-0.484,-0.340,0.584,2,0.105,-0.035,0.702,2,0.089,-0.063,0.704,0,0,0,0
7.749|kb,69179854234200000,6,25,0,1,72057594037929372,1,-0.013,-0.582,0.962,2,-0.038,-0.387,0.955,2,-0.061,-0.194,0.931,2,-0.069,-0.048,0.905,2,-0.220,-0.259,0.883,2,-0.338,-0.327,0.754,1,-0.490,-0.330,0.655,1,-0.500,-0.363,0.689,2,0.134,-0.247,0.906,2,0.330,-0.236,0.810,2,0.169,-0.062,0.737,1,0.143,-0.049,0.743,1,-0.115,-0.573,0.935,1,-0.178,-0.514,0.532,1,-0.265,-0.450,0.038,1,-0.227,-0.434,0.036,1,0.091,-0.556,0.932,1,0.287,-0.282,0.972,1,0.240,-0.596,0.687,1,0.232,-0.536,0.627,2,-0.056,-0.242,0.939,1,-0.515,-0.385,0.698,1,-0.500,-0.383,0.691,2,0.127,-0.034,0.707,2,0.122,-0.066,0.771,0,0,0,0
8.061|kb,69179884237800000,6,25,0,1,72057594037929372,1,-0.001,-0.575,0.965,2,-0.015,-0.383,0.955,2,-0.022,-0.194,0.929,2,-0.016,-0.043,0.912,2,-0.195,-0.254,0.883,2,-0.323,-0.317,0.763,1,-0.439,-0.295,0.622,1,-0.465,-0.306,0.653,2,0.171,-0.249,0.902,2,0.343,-0.242,0.814,2,0.225,-0.088,0.744,1,0.189,-0.066,0.758,1,-0.103,-0.564,0.936,1,-0.169,-0.492,0.536,1,-0.259,-0.411,0.045,1,-0.221,-0.399,0.041,1,0.102,-0.552,0.936,1,0.308,-0.288,0.977,1,0.267,-0.604,0.693,1,0.249,-0.544,0.635,2,-0.021,-0.241,0.939,1,-0.466,-0.303,0.642,1,-0.479,-0.324,0.660,2,0.155,-0.033,0.724,2,0.157,-0.070,0.794,0,0,0,0
8.396|kb,69179917644630000,6,25,0,1,72057594037929372,1,0.004,-0.576,0.966,2,-0.007,-0.384,0.954,2,-0.015,-0.195,0.925,2,-0.010,-0.045,0.908,2,-0.185,-0.253,0.879,2,-0.312,-0.310,0.755,1,-0.437,-0.294,0.620,1,-0.454,-0.314,0.642,2,0.175,-0.252,0.898,2,0.350,-0.248,0.809,2,0.259,-0.111,0.723,2,0.226,-0.100,0.739,1,-0.097,-0.565,0.937,1,-0.164,-0.502,0.536,1,-0.255,-0.432,0.045,1,-0.217,-0.420,0.041,1,0.106,-0.554,0.938,1,0.313,-0.290,0.977,1,0.276,-0.606,0.692,1,0.254,-0.548,0.635,2,-0.014,-0.242,0.935,1,-0.448,-0.297,0.616,1,-0.466,-0.341,0.650,2,0.175,-0.040,0.712,2,0.188,-0.119,0.775,0,0,0,0
8.723|kb,69179950937230000,6,25,0,1,72057594037929372,1,0.014,-0.577,0.971,2,-0.002,-0.385,0.953,2,-0.013,-0.196,0.919,2,-0.006,-0.046,0.898,2,-0.181,-0.253,0.873,2,-0.310,-0.311,0.751,1,-0.437,-0.294,0.618,1,-0.454,-0.325,0.638,2,0.178,-0.254,0.890,2,0.354,-0.255,0.800,2,0.224,-0.093,0.793,2,0.214,-0.094,0.731,1,-0.084,-0.565,0.943,1,-0.160,-0.505,0.543,1,-0.260,-0.440,0.054,1,-0.223,-0.429,0.049,1,0.113,-0.556,0.942,1,0.340,-0.315,0.990,1,0.309,-0.634,0.714,1,0.282,-0.576,0.649,2,-0.010,-0.243,0.930,1,-0.455,-0.317,0.623,1,-0.465,-0.349,0.643,2,0.170,-0.042,0.695,2,0.178,-0.130,0.698,0,0,0,0
8.948|kb,69179980936640000,6,25,0,1,72057594037929372,1,0.024,-0.599,0.981,2,0.002,-0.391,0.953,2,-0.012,-0.196,0.916,2,-0.005,-0.046,0.895,2,-0.180,-0.254,0.870,2,-0.309,-0.313,0.747,1,-0.475,-0.365,0.657,1,-0.489,-0.399,0.684,2,0.179,-0.255,0.887,2,0.354,-0.255,0.798,2,0.209,-0.082,0.725,1,0.203,-0.080,0.728,1,-0.047,-0.595,0.956,1,-0.106,-0.540,0.552,1,-0.186,-0.484,0.058,1,-0.155,-0.471,0.054,1,0.104,-0.577,0.954,1,0.191,-0.553,0.552,1,0.299,-0.547,0.067,1,0.272,-0.516,0.059,2,-0.009,-0.244,0.929,1,-0.522,-0.429,0.696,1,-0.467,-0.418,0.694,2,0.168,-0.041,0.690,2,0.202,-0.042,0.675,0,0,0,0
9.268|kb,69180004236100000,6,25,0,1,72057594037929372,1,0.030,-0.597,0.976,2,0.010,-0.392,0.951,2,-0.006,-0.196,0.914,2,-0.004,-0.047,0.892,2,-0.174,-0.246,0.871,2,-0.302,-0.303,0.747,2,-0.434,-0.365,0.639,1,-0.463,-0.376,0.667,2,0.179,-0.243,0.889,2,0.355,-0.253,0.797,2,0.241,-0.126,0.723,2,0.217,-0.098,0.730,1,-0.043,-0.588,0.946,2,-0.292,-0.238,0.778,1,-0.247,-0.680,0.827,1,-0.236,-0.684,0.711,1,0.108,-0.575,0.951,1,0.189,-0.555,0.548,1,0.298,-0.539,0.059,1,0.266,-0.520,0.053,2,-0.002,-0.244,0.926,1,-0.507,-0.416,0.677,1,-0.441,-0.408,0.689,2,0.169,-0.042,0.704,2,0.211,-0.045,0.679,0,0,0,0
9.554|kb,69180037645780000,6,25,0,1,72057594037929372,1,0.033,-0.559,0.946,2,0.014,-0.385,0.944,2,-0.004,-0.196,0.914,2,0.000,-0.048,0.888,2,-0.171,-0.244,0.871,2,-0.298,-0.301,0.746,2,-0.432,-0.367,0.643,1,-0.459,-0.375,0.663,2,0.180,-0.242,0.889,2,0.358,-0.252,0.795,2,0.244,-0.130,0.715,2,0.221,-0.099,0.728,1,-0.061,-0.542,0.914,2,-0.266,-0.241,0.784,1,-0.493,-0.561,0.752,1,-0.487,-0.556,0.631,1,0.125,-0.542,0.920,1,0.204,-0.553,0.515,1,0.310,-0.563,0.028,1,0.277,-0.541,0.022,2,0.000,-0.244,0.925,1,-0.509,-0.419,0.683,1,-0.431,-0.402,0.689,2,0.174,-0.045,0.703,2,0.205,-0.042,0.676,0,0,0,0
9.854|kb,69180064234800000,6,25,0,1,72057594037929372,1,0.039,-0.564,0.948,2,0.018,-0.385,0.942,2,0.000,-0.198,0.912,2,0.010,-0.048,0.881,2,-0.170,-0.244,0.870,2,-0.293,-0.309,0.744,1,-0.410,-0.436,0.727,1,-0.455,-0.419,0.706,2,0.186,-0.250,0.886,2,0.360,-0.256,0.791,2,0.238,-0.134,0.720,1,0.223,-0.102,0.727,1,-0.058,-0.547,0.918,2,-0.263,-0.227,0.834,1,-0.518,-0.508,0.639,1,-0.488,-0.472,0.527,1,0.133,-0.547,0.921,1,0.215,-0.555,0.517,1,0.325,-0.563,0.031,1,0.291,-0.541,0.025,2,0.004,-0.245,0.923,1,-0.508,-0.429,0.693,1,-0.448,-0.433,0.716,2,0.183,-0.047,0.698,2,0.190,-0.039,0.670,0,0,0,0
10.160|kb,69180094235630000,6,25,0,1,72057594037929372,1,0.033,-0.573,0.967,2,0.020,-0.387,0.942,2,0.014,-0.205,0.900,2,0.018,-0.050,0.874,2,-0.165,-0.249,0.863,2,-0.293,-0.311,0.742,1,-0.403,-0.444,0.726,1,-0.449,-0.418,0.702,2,0.200,-0.262,0.872,2,0.363,-0.272,0.778,2,0.219,-0.116,0.728,1,0.206,-0.086,0.730,1,-0.065,-0.556,0.942,2,-0.333,-0.267,0.776,1,-0.599,-0.534,0.577,1,-0.564,-0.505,0.471,1,0.130,-0.555,0.935,1,0.239,-0.578,0.539,1,0.379,-0.604,0.066,1,0.338,-0.588,0.055,2,0.014,-0.250,0.915,1,-0.509,-0.437,0.710,1,-0.420,-0.430,0.723,2,0.190,-0.057,0.681,2,0.224,-0.081,0.688,0,0,0,0
10.427|kb,69180124236340000,6,25,0,1,72057594037929372,1,0.031,-0.574,0.970,2,0.020,-0.387,0.942,2,0.015,-0.205,0.898,2,0.020,-0.050,0.872,2,-0.164,-0.250,0.861,2,-0.293,-0.311,0.740,1,-0.401,-0.446,0.725,1,-0.446,-0.419,0.703,2,0.201,-0.264,0.869,2,0.362,-0.275,0.771,2,0.218,-0.086,0.697,1,0.203,-0.067,0.692,1,-0.067,-0.557,0.945,1,-0.335,-0.267,0.776,1,-0.604,-0.537,0.571,1,-0.566,-0.505,0.471,1,0.127,-0.557,0.939,1,0.239,-0.580,0.542,1,0.381,-0.609,0.071,1,0.340,-0.592,0.059,2,0.016,-0.251,0.913,1,-0.485,-0.417,0.681,1,-0.412,-0.433,0.730,2,0.187,-0.059,0.669,2,0.225,-0.063,0.649,0,0,0,0
10.807|kb,69180154237050000,6,25,0,1,72057594037929372,1,0.030,-0.573,0.967,2,0.019,-0.387,0.942,2,0.010,-0.205,0.900,2,0.015,-0.055,0.865,2,-0.164,-0.250,0.862,2,-0.300,-0.318,0.741,1,-0.407,-0.453,0.724,1,-0.453,-0.424,0.709,2,0.193,-0.263,0.870,2,0.340,-0.326,0.726,1,0.258,-0.180,0.622,2,0.227,-0.140,0.597,1,-0.070,-0.557,0.943,1,-0.335,-0.263,0.771,1,-0.607,-0.531,0.562,1,-0.565,-0.500,0.466,1,0.128,-0.555,0.934,1,0.231,-0.560,0.533,1,0.365,-0.573,0.058,1,0.325,-0.552,0.047,2,0.012,-0.250,0.913,1,-0.502,-0.435,0.703,1,-0.414,-0.438,0.735,2,0.204,-0.096,0.547,2,0.222,-0.124,0.521,0,0,0,0
